-2.3293720427213142e-14
1.0596293651603451e-13
6.854458476248188e-14
-1.1826897932515014e-13
7.120009187192875e-14
-8.186718289218589e-14
6.743583223192908e-14
-6.542046500974063e-14
2.4079136617432977e-13
-1.6610919905513187e-13
1.0895043331046709e-13
-1.6086958929258858e-13
-4.2438400303707256e-14
-9.843871244662789e-14
-9.050692669609555e-14
6.782422371281162e-14
2.6646963674948658e-14
2.0861908403798214e-13
-9.826555436014228e-14
-2.3124147545322977e-13
2.668763815585469e-13
1.4997605025665762e-13
-1.5419815147237173e-13
1.3505929494781862e-13
-7.051039595445948e-14
5.565363640727923e-13
7.042877783385455e-14
1.0413496419477685e-13
5.354099467230055e-13
-1.8133230085269658e-13
-4.528483388825794e-14
-8.796299474928569e-14
-2.30780479632683e-13
-1.330887872941526e-13
2.7067742323984613e-13
3.6065506326332607e-13
-6.615905580504715e-14
-1.595966657881598e-13
5.475746032369413e-14
4.6993616395403165e-14
-1.0153686335004595e-13
2.5258277709516636e-13
3.039663084612286e-13
8.594698157362876e-14
1.6891175557181387e-13
2.4739136306082386e-13
1.8315653424328966e-13
9.480250206254709e-14
-1.0049406646835069e-13
-9.809239627365667e-14
-2.875511261356779e-14
1.0116196715584838e-13
-2.2560032798704964e-13
1.8217565770113713e-13
-1.6824166624197594e-13
-7.766142002748221e-14
-8.396908725206441e-14
1.2608987386377678e-13
-5.646660760456273e-14
-2.769894677491088e-13
2.08796479259244e-15
3.085073765435108e-14
-2.248184355109976e-13
-2.285084864966484e-13
1.4699651504523084e-13
5.2537994603825386e-14
1.8725659089401274e-14
4.261020351636319e-13
-1.4100948392349434e-13
-6.990304770504186e-14
-1.1945354551443467e-13
-4.737644641808412e-14
3.436423815788889e-14
2.97594805835056e-13
-9.285315128483674e-14
-1.6075505034344917e-13
5.317415997738954e-14
2.473650993527409e-13
-6.719715622505396e-14
3.59962357962639e-14
-1.0365920806606638e-13
1.8846034418114677e-14
3.8425628793934346e-14
2.618418741122825e-14
-1.2447502059040034e-13
1.7830723236475648e-13
-1.4874706414370238e-13
5.070646573876483e-14
3.8934488138040994e-14
-2.777088015316022e-13
-8.081634796094344e-14
3.1179034005387626e-14
-1.791998336658525e-13
-4.54533593484567e-14
2.986428007423093e-13
-1.4298874614652135e-13
5.064117124228089e-14
-4.0989623295529777e-14
-7.532942161395261e-14
7.829977404338661e-14
-1.207437501740083e-13
1.458365346049017e-14
1.7346413163952064e-13
1.0522518166051071e-13
-1.2218898366601584e-13
3.2118253388330853e-13
1.4396305676165316e-13
-4.1146074745484863e-13
-1.5738745932926093e-13
-1.65807895959625e-14
-1.3597305312487034e-13
1.4626331986124922e-14
-1.1664551739190206e-13
-1.6870529364438423e-13
7.780185791098119e-14
2.109085191175791e-13
-1.1047828805081884e-13
1.62011331046749e-13
2.610904402421322e-14
-2.533608850438384e-13
1.6386948839361587e-13
-3.016946800989174e-13
-2.849605031522762e-13
-3.148471438557499e-14
-1.698087341575904e-13
3.2314902902601747e-13
-6.569428848475333e-14
-1.1108746016885333e-13
-2.5418892139589724e-14
3.6886466068158e-14
-9.182813712215597e-14
-2.5343748752574692e-14
-1.1912087187871764e-13
-2.14345052365485e-13
-3.409904766099603e-13
-9.512204384422267e-14
-1.203096694431933e-13
1.0714425621918102e-13
9.919291859707585e-14
-8.652979879014947e-14
-2.3237910047536927e-14
2.2675793739817686e-14
6.252513437608052e-14
-8.172499930586792e-14
-3.2550947978997024e-14
-2.0222695661181122e-13
-1.2554312364915466e-13
-1.5405865592099147e-13
2.8621313611834225e-14
-3.529404637876906e-14
-9.669713678175134e-14
6.625592778068046e-14
1.1917782869009588e-14
-7.342165504070689e-14
-1.2941442157860688e-14
6.15920002771343e-14
8.893791332062311e-14
1.6414817551827357e-14
1.226550185749984e-13
-1.621193092799209e-12
-2.481940310584844e-14
1.506252206064464e-14
3.885770326927078e-13
-3.1730389488267344e-14
1.0421503202705743e-13
2.1710164739302188e-13
1.1487089322768785e-13
7.190401396460962e-14
-3.405148116746807e-13
-3.100350488970009e-13
2.9325418091376777e-13
4.3605962826429375e-14
-5.834756330914047e-14
-2.820294550915357e-13
-3.3535107484659914e-14
-3.6327450337087434e-14
1.3221716048215057e-13
2.0815320079807402e-13
-8.788114864510366e-14
-2.672720781452887e-13
3.5150145424733813e-13
-6.339480052931942e-14
4.9392733174033575e-14
-1.5692214484838206e-13
-6.518852971729536e-14
3.0480492325126534e-15
1.5229667724585423e-14
-1.137152900720392e-13
2.5956094402002524e-13
5.311762005026658e-14
1.3525809662705741e-14
1.332974378639225e-13
-5.813398829410502e-14
2.4740267104624844e-13
-1.3360567166017346e-13
7.814948726935655e-14
5.619995801277638e-14
1.446400767922352e-13
-1.6401539788296545e-13
9.725597012596022e-14
7.096198582399641e-14
4.341573332968986e-14
-1.835435591637894e-13
-2.1901379125094806e-13
6.134910389192293e-14
4.6861750694403485e-14
-2.7297112041242147e-14
7.594297101666757e-14
1.649583379578871e-13
-1.820585653359341e-13
1.0362783752585622e-13
-8.273250432982675e-14
8.698394207575003e-15
1.0028760454092105e-13
-3.6365022030594955e-14
-8.241515119049142e-14
2.6116157111819014e-13
3.141628283507004e-13
1.2361707279302483e-13
-1.1345265299120996e-13
-9.766159850635204e-14
-2.7198294839580145e-13
3.638234878245521e-13
-1.0446025116259556e-13
4.916748539985017e-14
-1.1243274566065642e-13
-5.745477962118274e-14
-2.41946385692021e-13
8.461254810009604e-14
-2.961174722553915e-13
1.2558794522041424e-14
-1.3485684553134608e-14
2.922811470066678e-13
-6.527443392914992e-14
1.2169033798616367e-13
-1.3147721698428652e-13
3.213933730954187e-13
2.9051272399575094e-13
-1.7411233454595614e-13
-1.2290904699595601e-13
-2.0838246108321455e-13
-1.783488165692211e-14
-9.727384403840555e-14
-1.330982714109603e-13
1.4331047657053716e-13
-5.4177287716667875e-14
-8.560290875905629e-14
-3.8634644137427615e-14
-4.4051533929530646e-14
-1.2100419861249728e-13
2.0579840402683357e-13
1.3232239770134395e-13
2.7843178305132935e-15
2.902030311046065e-14
2.649300484543663e-13
-3.1050998428483376e-14
dicom dir using: /workdir/tasks_run/data/sambashare/P004_list4_dicoms
