-2.3205901153310866e-14
8.998675936656431e-14
-3.456961944316304e-13
-6.339282163187012e-14
-9.863390286600529e-15
6.61877491666804e-14
5.779787210637365e-14
1.4687066811066685e-13
-2.1495531880468962e-14
-9.138576607944613e-16
2.005161157386555e-13
-8.81517791808903e-16
-2.6210555340375e-15
1.3960153030601562e-13
2.511992359591244e-13
6.696524596609952e-14
-7.649548161633797e-14
-9.166494887748869e-15
3.4591054459082804e-14
-1.0145665221380262e-12
-2.994779004401026e-14
1.305930530580094e-13
-1.5194786237287788e-13
-1.2335516525964234e-13
-4.727139158575242e-14
-1.8573822027046872e-13
-9.762329726539777e-14
-4.949760561950359e-14
3.880827642975361e-15
1.365161100055433e-13
-1.545816198490686e-13
9.690870554130822e-14
-6.32882410053788e-14
-2.0345842618810515e-13
1.3995957395419331e-13
2.7496625029241526e-13
-2.5343548127026834e-13
2.028742866668372e-13
5.6249749626016924e-14
-2.1116577578598858e-13
-1.1347836953870782e-13
-2.5961798551101787e-13
-5.769917801584329e-14
1.5013174519762987e-15
5.1369441980996965e-14
-4.582251035651113e-14
7.867877394197214e-14
-2.1228371605469887e-14
2.1743650967107915e-13
2.0188000469035067e-13
1.0954300822408805e-13
-4.289009439430801e-14
6.416260362030615e-14
1.8725622612028939e-13
-2.0289261654643674e-13
4.987733506553586e-14
8.444256354500378e-14
3.058499999687317e-13
7.931275067319605e-14
5.905978400402808e-14
3.608706445338401e-14
6.953681488677443e-14
-3.337632148287524e-13
-2.2957435531634704e-13
-1.085821942367211e-13
-1.4417790848472041e-13
-8.141822460451043e-14
-3.512442659740018e-14
3.1980441875640176e-14
1.5451523103141452e-13
-2.896215817895484e-13
-1.4378358808975317e-13
-1.4677874513237661e-13
-2.070714643214086e-13
-4.528994072038517e-14
-1.460648829557338e-13
1.819392843283908e-13
2.447631683839146e-14
2.2536085403765466e-14
5.71235650803592e-16
-1.8768884775621087e-13
-3.331011505208287e-13
-1.811707060932419e-13
-5.3866865278076654e-14
-1.3642792595791765e-13
1.7257481330193499e-13
-2.985246140559362e-13
2.307357948515697e-13
-2.1940628777729844e-13
2.734070250118533e-13
1.2704083896061266e-13
-7.846756995613863e-14
-2.9694587338117377e-13
1.5899684099678676e-13
-1.0759730518361146e-14
-7.102873941537385e-14
-3.88210435100717e-14
-2.7111077442321437e-14
1.3104459534836502e-13
2.9824884512106545e-13
1.35185506656106e-13
2.6784240186178385e-14
-8.341244255019577e-14
1.2202665935911444e-13
6.340825156036883e-14
1.6178115882730006e-13
2.7776424713755506e-14
-1.032194733425391e-13
-3.894907908697595e-14
5.150969747763425e-15
6.438876332879799e-14
-1.1827423206676672e-13
-1.31397696312591e-13
-9.954711388247195e-14
-2.533980919636225e-13
5.825655226515867e-14
8.144339399142324e-14
7.294599010542728e-14
3.3251678301598366e-14
-1.872124532734845e-13
-2.982470212524486e-13
2.315040083129952e-13
-4.197560666980954e-14
-1.67658393058301e-13
-1.3355496811262448e-13
-1.443850999595968e-13
-7.056547678668894e-14
-2.100771998020099e-13
2.7011858989563723e-14
9.068785446288904e-14
-4.489087826701408e-14
-5.5674319077394534e-14
5.96558242680211e-14
-1.485176214717002e-14
-2.4106217418656256e-13
-4.239801464147657e-14
-9.481490436914181e-14
1.770640835154981e-13
2.0696166743067304e-14
1.7491483673737883e-13
-2.3289343142532653e-14
8.754113393820373e-14
-2.1552874309783344e-13
8.510645172154436e-15
-2.5636114891858906e-14
-1.4640829136102442e-13
-8.948811368671214e-15
9.700597853420795e-14
2.25325106212764e-13
1.6155403744262842e-13
6.664452403414244e-14
-8.526815871906775e-14
8.787336463439953e-14
-8.866160938429146e-14
-1.2056792923934206e-13
-1.0271272754030023e-13
-7.437979402076911e-14
-1.9393306355154302e-13
2.1666158437314355e-13
-5.909191275247754e-13
-9.729898026407077e-14
2.77320016181394e-15
-2.685781504618291e-13
2.5153884029558555e-14
-1.2466379099224637e-13
-5.49622807693686e-14
-9.275976921165302e-14
-1.2081305718144936e-13
-1.7127457736496857e-13
-1.825342302712137e-13
5.5833542807647255e-14
9.195982043629396e-14
1.3062547034020836e-15
1.3132145860440586e-13
1.5054430427876581e-13
1.5993084411548576e-13
3.053429644932419e-14
5.982070199098613e-14
3.036057296356735e-13
1.5004666172665292e-13
6.114134245810376e-14
-1.666165081109142e-13
-1.725383359295976e-13
2.847820376081155e-13
-2.815941204510466e-13
-2.8161625765638387e-14
8.86403795535911e-14
-3.3141516637139434e-13
1.8323350149892154e-13
-7.816663163435513e-14
-9.46511209673469e-14
-8.862068177252891e-14
-1.7314677850018533e-13
2.9657198031471545e-14
-1.5571971386599528e-13
1.3322484789297106e-13
2.3621761436643325e-13
7.999597185707544e-14
1.7680983623030645e-13
1.8965351903030292e-13
9.909917175016875e-14
-2.5834989525842377e-13
-1.8044480638372776e-13
1.4365518773912554e-13
-1.0193674654429464e-13
-1.3701885938978343e-13
2.3636607727184645e-14
3.2221557306790353e-13
9.807452236121134e-14
-1.6969273611355748e-14
2.2296429067508787e-13
2.780801411819969e-13
-1.6527167858626532e-14
-7.339575610634735e-14
-6.775453047436934e-14
-1.340879025224738e-13
8.567951124096482e-14
-4.929756370960531e-13
-6.451898754804248e-14
2.256512139214603e-13
-3.194068153979242e-14
-4.16206818369667e-13
-1.3572901950393318e-13
-6.680247105636336e-14
-1.7909587315469092e-13
7.175099138765424e-14
-6.978121328143496e-15
1.7598873057899172e-14
dicom dir using: /workdir/tasks_run/data/sambashare/p003_nf_run2
